#Parcial1
#Nelson Fabian Alzate Gutierrez

argentina <- c(29.66,7.61,6.35,4.10,3.80,2.75,2.70,2.69,2.51,2.44)
eeuu <- c(77.81,35.50,24.79,20.02,16.70,9.39,9.38,8.76,7.63,7.50)
holanda <- c(8.68,7.31,6.02,2.64,1.75,1.72,1.51,1.42,1.31,1.29)
japon <- c(110.21,32.14,18.88,16.38,13.37,11.92,10.71,7.80,7.70,7.00)